0.097142
0.097131
0.097121
0.097111
0.097101
0.097091
0.097081
0.097071
0.097061
0.097051
0.097042
0.097032
0.097022
0.097013
0.097003
0.096994
0.096984
0.096975
0.096965
0.096956
0.096947
0.096938
0.096929
0.096920
0.096911
0.096902
0.096893
0.096884
0.096875
0.096866
0.096858
0.096849
0.096840
0.096832
0.096823
0.096815
0.096806
0.096798
0.096789
0.096781
0.096773
0.096764
0.096756
0.096748
0.096740
0.096732
0.096724
0.096716
0.096708
0.096700
0.096692
0.096684
0.096677
0.096669
0.096661
0.096653
0.096646
0.096638
0.096631
0.096623
0.096616
0.096608
0.096601
0.096593
0.096586
0.096579
0.096571
0.096564
0.096557
0.096550
0.096543
0.096536
0.096528
0.096521
0.096514
0.096507
0.096501
0.096494
0.096487
0.096480
0.096473
0.096466
0.096460
0.096453
0.096446
0.096440
0.096433
0.096426
0.096420
0.096413
0.096407
0.096400
0.096394
0.096387
0.096381
0.096375
0.096368
0.096362
0.096356
0.096349
0.096343
0.096337
0.096331
0.096325
0.096319
0.096313
0.096307
0.096300
0.096294
0.096288
0.096283
0.096277
0.096271
0.096265
0.096259
0.096253
0.096247
0.096242
0.096236
0.096230
0.096224
0.096219
0.096213
0.096207
0.096202
0.096196
0.096191
0.096185
0.096179
0.096174
0.096168
0.096163
0.096158
0.096152
0.096147
0.096141
0.096136
0.096131
0.096125
0.096120
0.096115
0.096110
0.096104
0.096099
0.096094
0.096089
0.096084
0.096078
0.096073
0.096068
0.096063
0.096058
0.096053
0.096048
0.096043
0.096038
0.096033
0.096028
0.096023
0.096018
0.096014
0.096009
0.096004
0.095999
0.095994
0.095989
0.095985
0.095980
0.095975
0.095970
0.095966
0.095961
0.095956
0.095952
0.095947
0.095942
0.095938
0.095933
0.095928
0.095924
0.095919
0.095915
0.095910
0.095906
0.095901
0.095897
0.095892
0.095888
0.095884
0.095879
0.095875
0.095870
0.095866
0.095862
0.095857
0.095853
0.095849
0.095844
0.095840
0.095836
0.095832
0.095827
0.095823
0.095819
0.095815
0.095810
0.095806
0.095802
0.095798
0.095794
0.095790
0.095786
0.095782
0.095777
0.095773
0.095769
0.095765
0.095761
0.095757
0.095753
0.095749
0.095745
0.095741
0.095737
0.095733
0.095729
0.095726
0.095722
0.095718
0.095714
0.095710
0.095706
0.095702
0.095698
0.095695
0.095691
0.095687
0.095683
0.095679
0.095676
0.095672
0.095668
0.095664
0.095661
0.095657
0.095653
0.095649
0.095646
0.095642
0.095638
0.095635
0.095631
0.095627
0.095624
0.095620
0.095617
0.095613
0.095609
0.095606
0.095602
0.095599
0.095595
0.095592
0.095588
0.095584
0.095581
0.095577
0.095574
0.095570
0.095567
0.095564
0.095560
0.095557
0.095553
0.095550
0.095546
0.095543
0.095539
0.095536
0.095533
0.095529
0.095526
0.095523
0.095519
0.095516
0.095512
0.095509
0.095506
0.095503
0.095499
0.095496
0.095493
0.095489
0.095486
0.095483
0.095480
0.095476
0.095473
0.095470
0.095467
0.095463
0.095460
0.095457
0.095454
0.095450
0.095447
0.095444
0.095441
0.095438
0.095435
0.095431
0.095428
0.095425
0.095422
0.095419
0.095416
0.095413
0.095410
0.095406
0.095403
0.095400
0.095397
0.095394
0.095391
0.095388
0.095385
0.095382
0.095379
0.095376
0.095373
0.095370
0.095367
0.095364
0.095361
0.095358
0.095355
0.095352
0.095349
0.095346
0.095343
0.095340
0.095337
0.095334
0.095331
0.095328
0.095325
0.095322
0.095319
0.095316
0.095314
0.095311
0.095308
0.095305
0.095302
0.095299
0.095296
0.095293
0.095291
0.095288
0.095285
0.095282
0.095279
0.095276
0.095273
0.095271
0.095268
0.095265
0.095262
0.095259
0.095257
0.095254
0.095251
0.095248
0.095245
0.095243
0.095240
0.095237
0.095234
0.095232
0.095229
0.095226
0.095223
0.095221
0.095218
0.095215
0.095212
0.095210
0.095207
0.095204
0.095202
0.095199
0.095196
0.095193
0.095191
0.095188
0.095185
0.095183
0.095180
0.095177
0.095175
0.095172
0.095169
0.095167
0.095164
0.095161
0.095159
0.095156
0.095153
0.095151
0.095148
0.095146
0.095143
0.095140
0.095138
0.095135
0.095133
0.095130
0.095127
0.095125
0.095122
0.095120
0.095117
0.095114
0.095112
0.095109
0.095107
0.095104
0.095102
0.095099
0.095097
0.095094
0.095091
0.095089
0.095086
0.095084
0.095081
0.095079
0.095076
0.095074
0.095071
0.095069
0.095066
0.095064
0.095061
0.095059
0.095056
0.095054
0.095051
0.095049
0.095046
0.095044
0.095041
0.095039
0.095036
0.095034
0.095031
0.095029
0.095026
0.095024
0.095022
0.095019
0.095017
0.095014
0.095012
0.095009
0.095007
0.095004
0.095002
0.095000
0.094997
0.094995
0.094992
0.094990
0.094987
0.094985
0.094983
0.094980
0.094978
0.094975
0.094973
0.094971
0.094968
0.094966
0.094963
0.094961
0.094959
0.094956
0.094954
0.094952
0.094949
0.094947
0.094944
0.094942
0.094940
0.094937
0.094935
0.094933
0.094930
0.094928
0.094926
