5.682582496719137399e-01
5.606182502059753325e-01
5.540596543007341168e-01
5.484913754484301851e-01
5.437760749305917685e-01
5.397426399702140998e-01
5.362002731926278631e-01
5.329525446440224190e-01
5.298101944657322981e-01
5.266020238360071826e-01
5.231837201607343335e-01
5.194448307793815278e-01
5.153142882641955635e-01
5.107649042009455576e-01
5.058171145011378655e-01
5.005420126927502267e-01
4.950633855778576176e-01
4.895581125488655538e-01
4.842539678354969013e-01
4.794236635730083629e-01
4.753740071509825471e-01
4.724294397517551647e-01
4.709100493499834839e-01
4.711053680724567316e-01
4.732466480843448009e-01
4.774814581902734334e-01
4.838548749655111614e-01
4.923009054325955258e-01
5.026460642843433302e-01
5.146246592585245194e-01
5.279030337274164264e-01
5.421084874619379601e-01
5.568582376488792063e-01
5.717845318426235668e-01
5.865534650538972716e-01
6.008766468838904196e-01
6.145161791914808269e-01
6.272842259126407694e-01
6.390387778713726430e-01
6.496771581301370446e-01
6.591285385169646238e-01
6.673463854231864723e-01
6.743014166274889920e-01
6.799753786462361393e-01
6.843557600457648160e-01
6.874314348567144295e-01
6.891891680949908672e-01
6.896108978444102089e-01
6.886717235869690423e-01
6.863385708674458741e-01
6.825695646830991503e-01
6.773142287998517030e-01
6.705147391207630925e-01
6.621086014501714745e-01
6.520333016157306982e-01
6.402336868850955209e-01
6.266730642619707803e-01
6.113491937710429092e-01
5.943164055757030884e-01
5.757147793253989398e-01
5.558063715526389004e-01
5.350164305440118229e-01
5.139739838773826897e-01
4.935410848458797739e-01
4.748143620065397030e-01
4.590791383632728540e-01
4.476999692843034451e-01
4.419466180484228901e-01
4.427811214838893727e-01
4.506599273725544474e-01
4.654169967442415845e-01
4.862746694451297591e-01
5.119831336099901486e-01
5.410412072963213248e-01
5.719281200701482604e-01
6.032867554955727574e-01
6.340300892657011467e-01
6.633736495141500100e-01
6.908148797159412435e-01
7.160841377892206427e-01
7.390871931082392265e-01
7.598515145872439813e-01
7.784820464996777822e-01
7.951277901314859342e-01
8.099581902103062392e-01
8.231474263460502039e-01
8.348646110649118324e-01
8.452681608407184299e-01
8.545029810332525066e-01
8.626994656184453492e-01
8.699736103527947462e-01
8.764277648694144274e-01
8.821517131661255062e-01
8.872238860864829491e-01
8.917125865506559945e-01
8.956771591356742501e-01
8.991690682856130490e-01
9.022328698704671357e-01
9.049070731626795983e-01
9.072248974091577933e-01
9.092149309587491679e-01
9.109017026286436725e-01
9.123061754863130979e-01
9.134461730202276808e-01
9.143367471118275525e-01
9.149904965148275560e-01
9.154178438257882799e-01
9.156272782691797785e-01
9.156255710655452074e-01
9.154179697264980264e-01
9.150083773362519546e-01
9.143995227383834301e-01
9.135931275440061228e-01
9.125900760021253832e-01
9.113905940045549103e-01
9.099944438043362505e-01
9.084011413591862594e-01
9.066102034974292678e-01
9.046214322390659923e-01
9.024352434443234650e-01
9.000530463121299007e-01
8.974776788617189194e-01
8.947139020961472067e-01
8.917689517162669111e-01
8.886531406623463525e-01
8.853804980869366403e-01
8.819694204256087744e-01
8.784432981309213684e-01
8.748310679281156022e-01
8.711676263558658651e-01
8.674940279172573820e-01
8.638573833161917737e-01
8.603103736467831997e-01
8.569103089148980557e-01
8.537176870988902877e-01
8.507942543667078583e-01
8.482006260457124469e-01
8.459935952180668295e-01
8.442233208405693912e-01
8.429306366707016718e-01
8.421447427314143752e-01
8.418815232457802500e-01
8.421426771104107978e-01
8.429157565042177946e-01
8.441751017980095861e-01
8.458835565692031100e-01
8.479947642874969826e-01
8.504558012362408714e-01
8.532098928032657570e-01
8.561989880070572934e-01
8.593660193736151198e-01
8.626567388705489448e-01
8.660210833423175325e-01
8.694140758932645818e-01
8.727963082172888187e-01
8.761340720398469450e-01
8.793992173800575518e-01
8.825688144524105327e-01
8.856246882672523801e-01
8.885528835613676346e-01
8.913431050853165560e-01
8.939881661857015382e-01
8.964834680284494706e-01
8.988265231429761748e-01
9.010165302803532228e-01
9.030540027004920756e-01
9.049404486539933679e-01
9.066781006922850494e-01
9.082696892291505231e-01
9.097182552308084036e-01
9.110269968214494973e-01
9.121991447945512199e-01
9.132378623972718934e-01
9.141461652202246269e-01
9.149268575196207731e-01
9.155824817853290831e-01
9.161152788239989020e-01
9.165271560386794025e-01
9.168196619501103317e-01
9.169939653194628670e-01
9.170508374999319923e-01
9.169906368689507703e-01
9.168132943784751410e-01
9.165182994123231008e-01
9.161046852615116753e-01
9.155710136251128395e-01
9.149153576190518500e-01
9.141352828318201063e-01
9.132278260071783338e-01
9.121894709620050889e-01
9.110161213646990053e-01
9.097030700077626264e-01
9.082449642091139363e-01
9.066357669716867962e-01
9.048687135215148780e-01
9.029362628321132567e-01
9.008300437291452134e-01
8.985407951557793371e-01
8.960583001678655846e-01
8.933713132214677888e-01
8.904674803165351094e-01
8.873332515733254322e-01
8.839537858475174925e-01
8.803128470419110396e-01
8.763926918550907219e-01
8.721739488301782917e-01
8.676354887425185014e-01
8.627542866092582363e-01
8.575052759359732546e-01
8.518611962598479082e-01
8.457924356353001549e-01
8.392668704722894280e-01
8.322497061237579263e-01
8.247033228781328607e-01
8.165871336058583285e-01
8.078574613042979191e-01
7.984674472582127258e-01
7.883670035631432649e-01
7.775028274236582826e-01
7.658184990031087214e-01
7.532546897044476442e-01
7.397495135897643737e-01
7.252390611017152100e-01
7.096581611035679416e-01
6.929414240826717863e-01
6.750246254702345627e-01
6.558464923601052821e-01
6.353509579431844134e-01
6.134899436501031200e-01
5.902267166664860731e-01
5.655398469751382606e-01
5.394277498979144214e-01
5.119137439267411605e-01
4.830514770921392476e-01
4.529304780567553479e-01
4.216814741655204868e-01
3.894809970172162239e-01
3.565546829880807955e-01
3.231785953286715474e-01
2.896778758189438308e-01
2.564221090070410991e-01
2.238169762324196954e-01
1.922920991367679244e-01
1.622854058412790124e-01
1.342248471980218294e-01
1.085087645733495698e-01
8.548656631937913419e-02
6.544151573766122942e-02
4.857731148067945259e-02
3.500975070681858897e-02
2.476416737554102895e-02
1.777864375912653616e-02
1.391233342095116350e-02
1.295772420578586957e-02
1.465538240672097266e-02
1.870967067661187533e-02
2.480408852409417275e-02
3.261517910148904742e-02
4.182430311125229228e-02
5.212693251726747273e-02
6.323941586578721297e-02
7.490338893257121600e-02
8.688814454518398178e-02
9.899134292042768846e-02
1.110384549622967509e-01
1.228813037078698434e-01
1.343960197835983028e-01
1.454806681879709518e-01
1.560527449303716341e-01
1.660466885345790455e-01
1.754115059284765410e-01
1.841085756376162064e-01
1.921096631193618398e-01
1.993951625038329623e-01
2.059525646676806931e-01
2.117751421550185809e-01
2.168608357893523075e-01
2.212113248810814170e-01
2.248312619101083820e-01
2.277276528169085990e-01
2.299093650907831354e-01
2.313867473533317842e-01
2.321713458528124607e-01
2.322757050433005288e-01
2.317132411108304701e-01
2.304981788574947954e-01
2.286455437227791765e-01
2.261712018871646079e-01
2.230919423565581317e-01
2.194255956650190409e-01
2.151911843598237617e-01
2.104091007513974876e-01
2.051013075273400155e-01
1.992915567518460107e-01
1.930056225086173305e-01
1.862715420089817442e-01
1.791198593933941430e-01
1.715838657263669409e-01
1.636998278517730609e-01
1.555071978773612251e-01
1.470487941453730296e-01
1.383709436842398000e-01
1.295235754019445074e-01
1.205602527645197458e-01
1.115381345040785399e-01
1.025178521263913622e-01
9.356329374559463341e-02
8.474128516139921297e-02
7.612116119122654123e-02
6.777422312316079556e-02
5.977308176709814763e-02
5.219088989532882222e-02
4.510047275621513474e-02
3.857337061912198550e-02
3.267881269676199685e-02
2.748264696263244544e-02
2.304625496286367287e-02
1.942548432611563083e-02
1.666963393476238176e-02
1.482052732877030612e-02
1.391170866187024270e-02
1.396779234106224413e-02
1.500399243087154055e-02
1.702585122721319427e-02
2.002917848246070498e-02
2.400020408967345337e-02
2.891593817769103417e-02
3.474472411522014359e-02
4.144696241753581534e-02
4.897597745051152085e-02
5.727899446032758829e-02
6.629819199756070702e-02
7.597179426726057005e-02
8.623516919207734055e-02
9.702190077350791864e-02
1.082648083424487123e-01
1.198968901256499964e-01
1.318521738333826576e-01
1.440664623364937835e-01
1.564779676395307295e-01
1.690278310289586861e-01
1.816605313125758125e-01
1.943241863704674999e-01
2.069707557756783611e-01
2.195561540332735262e-01
2.320402850891329916e-01
2.443870092599779442e-01
2.565640537348994887e-01
2.685428774007195818e-01
2.802985000514809366e-01
2.918093051488872547e-01
3.030568242874709939e-01
3.140255104525230267e-01
3.247025060941455266e-01
3.350774110172505815e-01
3.451420541331191028e-01
3.548902722514340469e-01
3.643176983223110899e-01
3.734215608688785659e-01
3.822004957808301517e-01
3.906543711630482418e-01
3.987841255432660881e-01
4.065916194303682563e-01
4.140794999708279356e-01
4.212510782659096287e-01
4.281102187774814549e-01
4.346612401575176143e-01
4.409088267780301162e-01
4.468579502075258336e-01
4.525137998715688115e-01
4.578817221433326701e-01
4.629671671313084769e-01
4.677756424618166875e-01
4.723126733909456254e-01
4.765837686216682356e-01
4.805943912452736999e-01
4.843499342705281374e-01
4.878557002479808058e-01
4.911168845398091731e-01
4.941385618268442359e-01
4.969256754836621770e-01
4.994830294894859191e-01
5.018152825770143544e-01
5.039269443531435577e-01
5.058223731548121549e-01
5.075057754299985291e-01
5.089812064582872608e-01
5.102525722475290682e-01
5.113236324630343610e-01
5.121980042636941066e-01
5.128791669354069160e-01
5.133704672265192448e-01
5.136751253026090591e-01
5.137962412491625663e-01
5.137368020604746732e-01
5.134996890616652099e-01
5.130876857181154715e-01
5.125034857929348098e-01
5.117497018184441471e-01
5.108288738521007399e-01
5.097434784909151695e-01
5.084959381212308394e-01
5.070886303828797681e-01
5.055238978281481055e-01
5.038040577568058120e-01
5.019314122086814267e-01
4.999082580948968069e-01
4.977368974480349539e-01
4.954196477701402479e-01
4.929588524555956197e-01
4.903568912637016330e-01
4.876161908130434708e-01
4.847392350667307226e-01
4.817285757741717744e-01
4.785868428313518885e-01
4.753167545176513742e-01
4.719211275630383895e-01
4.684028869951961660e-01
4.647650757116762454e-01
4.610108637177786073e-01
4.571435569664212828e-01
4.531666057320203334e-01
4.490836124463440937e-01
4.448983389206049299e-01
4.406147128747058828e-01
4.362368336918636125e-01
4.317689773146365928e-01
4.272156001971151307e-01
4.225813422275102593e-01
4.178710285359906740e-01
4.130896701042430230e-01
4.082424630961640211e-01
4.033347868333387876e-01
3.983722003445913651e-01
3.933604374260566972e-01
3.883054001568826408e-01
3.832131508258959096e-01
3.780899022363564121e-01
3.729420063691565868e-01
3.677759413996042337e-01
3.625982970788980686e-01
3.574157585086834010e-01
3.522350883551996770e-01
3.470631075685909894e-01
3.419066746923136724e-01
3.367726638672986494e-01
3.316679416550285531e-01
3.265993428227597639e-01
3.215736452523152433e-01
3.165975441508924737e-01
3.116776257576869269e-01
3.068203407536241878e-01
3.020319775925719985e-01
2.973186359809620871e-01
2.926862007383575492e-01
2.881403162740092117e-01
2.836863619137104942e-01
2.793294283070747452e-01
2.750742951378691847e-01
2.709254103491056664e-01
2.668868710804820354e-01
2.629624064985994769e-01
2.591553626804499189e-01
2.554686896883077707e-01
2.519049309497205513e-01
2.484662150303086348e-01
2.451542498598500430e-01
2.419703194443574568e-01
2.389152830688660301e-01
2.359895769680087907e-01
2.331932184147286480e-01
2.305258121519328796e-01
2.279865590681708909e-01
2.255742669966434577e-01
2.232873634976073329e-01
2.211239104674762590e-01
2.190816204040813564e-01
2.171578741466119733e-01
2.153497399007422985e-01
2.136539933544895076e-01
2.120671386881767817e-01
2.105854302825324598e-01
2.092048949321423656e-01
2.079213543770488393e-01
2.067304479729601963e-01
2.056276553300749321e-01
2.046083187615660715e-01
2.036676653951630112e-01
2.028008288145357330e-01
2.020028701112057679e-01
2.012687982421220156e-01
2.005935896026048715e-01
1.999722067388552404e-01
1.993996161384344878e-01
1.988708050508800340e-01
1.983807973037116090e-01
1.979246680914822365e-01
1.974975577270065008e-01
1.970946843545030858e-01
1.967113556339743219e-01
5.792525650163974360e-01
5.834763286102691016e-01
5.871139606199062833e-01
5.901205105625139113e-01
5.924735871251619601e-01
5.941713127812057182e-01
5.952308161030717137e-01
5.956872926647660549e-01
5.955935163363266227e-01
5.950195818218066979e-01
5.940525840914930855e-01
5.927958790820943014e-01
5.913675227869873430e-01
5.898974634797599093e-01
5.885230828898255773e-01
5.873827676070673132e-01
5.866073566669685047e-01
5.863095529002156914e-01
5.865716741677424739e-01
5.874323933447299639e-01
5.888732854641900438e-01
5.908059806490324473e-01
5.930604720946170971e-01
5.953747159129705313e-01
5.973853406754889850e-01
5.986196503378191647e-01
5.984913914483114272e-01
5.963094962672690347e-01
5.913250618710959028e-01
5.828744537944694493e-01
5.707272638788748464e-01
5.557734605341992928e-01
5.409978689451617750e-01
5.319643218831289211e-01
5.351296304947568139e-01
5.536381713557199102e-01
5.845001421470052971e-01
6.208924367346034812e-01
6.566619509340493321e-01
6.884538219885014687e-01
7.152794011379137729e-01
7.373950089555577625e-01
7.554967405247198231e-01
7.703272802983631706e-01
7.825321804168418049e-01
7.926297302899361075e-01
8.010225719042294301e-01
8.080200537903059477e-01
8.138599305821343499e-01
8.187261707425104174e-01
8.227626344615446286e-01
8.260832908402713226e-01
8.287797787611537181e-01
8.309270070678091979e-01
8.325873323501702394e-01
8.338137106507248486e-01
8.346521076067522360e-01
8.351433682809357162e-01
8.353246873236774839e-01
8.352307762430949412e-01
8.348947926828106381e-01
8.343490732609735172e-01
8.336256943425830457e-01
8.327568725939407113e-01
8.317752084345937380e-01
8.307137701435960420e-01
8.296060142677732507e-01
8.284855391240018019e-01
8.273856725582368066e-01
8.263389025031679935e-01
8.253761687144820502e-01
8.245260453900848940e-01
8.238138557833556419e-01
8.232607696817808574e-01
8.228829409117228710e-01
8.226907432572765355e-01
8.226881583541170162e-01
8.228723581579651114e-01
8.232335084910045175e-01
8.237548009725694786e-01
8.244127011537174532e-01
8.251773840785325831e-01
8.260133179003321668e-01
8.268799543069451641e-01
8.277324935724924559e-01
8.285227139062562030e-01
8.291998912025000390e-01
8.297118882621382641e-01
8.300065638643115973e-01
8.300337417119658667e-01
8.297480811083820518e-01
8.291132840311703500e-01
8.281081056052782552e-01
8.267345050066237100e-01
8.250278158467719836e-01
8.230678268439384215e-01
8.209880389216022145e-01
8.189783928977478755e-01
8.172755137733784814e-01
8.161358797616354854e-01
8.157929183675863838e-01
8.164079002777260285e-01
8.180315927735298809e-01
8.205924563550099915e-01
8.239162087344554797e-01
8.277675187688070535e-01
8.318968648712604663e-01
8.360778207236674309e-01
8.401281585479307701e-01
8.439158562243912476e-01
8.473549805317310835e-01
8.503967384919381978e-01
8.530195223647163427e-01
8.552200355640358076e-01
8.570062852364777051e-01
8.583924783797415303e-01
8.593955270190474227e-01
8.600327816863678754e-01
8.603206423878784204e-01
8.602737665356487984e-01
8.599046667770516850e-01
8.592235537074581764e-01
8.582383257857326697e-01
8.569546427809484612e-01
8.553760425769019182e-01
8.535040769578068343e-01
8.513384524057825420e-01
8.488771686938678673e-01
8.461166523933658645e-01
8.430518851821905413e-01
8.396765286134815209e-01
8.359830481579881845e-01
8.319628401130465534e-01
8.276063655282664966e-01
8.229032957242385926e-01
8.178426743235762686e-01
8.124131009897115341e-01
8.066029422698289819e-01
8.004005750348168746e-01
7.937946679527370097e-01
7.867745061561185471e-01
7.793303636825604785e-01
7.714539272816919313e-01
7.631387736755066431e-01
7.543809002125556606e-01
7.451793059529130403e-01
7.355366164626218062e-01
7.254597409283147780e-01
7.149605446395889130e-01
7.040565135472851566e-01
6.927713807498372400e-01
6.811356778206674178e-01
6.691871674974118056e-01
6.569711092352296111e-01
6.445403064715039543e-01
6.319548852297838248e-01
6.192817589289774105e-01
6.065937447485615364e-01
5.939683129722936883e-01
5.814859720699644408e-01
5.692283177319579224e-01
5.572758016197343345e-01
5.457053024374844963e-01
5.345876047858593161e-01
5.239849068246131836e-01
5.139484832844692930e-01
5.045166241601429791e-01
4.957129513237014673e-01
4.875451868255364363e-01
4.800044108168419754e-01
4.730648079134749384e-01
4.666838629196958799e-01
4.608029343492596186e-01
4.553481104551195258e-01
4.502312396214403489e-01
4.453510258284722467e-01
4.405940902938465520e-01
4.358359215853286339e-01
4.309416677792214934e-01
4.257667655234073645e-01
4.201574532236649895e-01
4.139512815756574149e-01
4.069778184270637089e-01
3.990598516500865611e-01
3.900155281315065836e-01
3.796620304512972610e-01
3.678215772471000178e-01
3.543307111979889235e-01
3.390539481530681076e-01
3.219027872168603865e-01
3.028606414553898230e-01
2.820131986532279367e-01
2.595818228585125564e-01
2.359547965016647320e-01
2.117078813832837247e-01
1.876030325021541822e-01
1.645541585499550874e-01
1.435537815099533487e-01
1.255650493102557219e-01
1.113972386995140118e-01
1.015935274775550956e-01
9.636064149874490337e-02
9.555851619369283567e-02
9.874902897697634963e-02
1.052854300500382645e-01
1.144159625030217869e-01
1.253778228902343861e-01
1.374669963007838780e-01
1.500798799988159737e-01
1.627300814655194272e-01
1.750472568415222807e-01
1.867651892839907179e-01
1.977049419481143877e-01
2.077570558414213453e-01
2.168650854708743247e-01
2.250115319082198473e-01
2.322064492580869777e-01
2.384785686786470849e-01
2.438685889324460065e-01
2.484242285062589484e-01
2.521966547500810729e-01
2.552379584306113669e-01
2.575994039205705133e-01
2.593302440202481240e-01
2.604769391165964731e-01
2.610826617554475870e-01
2.611870002774567268e-01
2.608258002211686910e-01
2.600311011638680170e-01
2.588311408880237807e-01
2.572504093617152265e-01
2.553097429186797496e-01
2.530264549292645659e-01
2.504145037089791637e-01
2.474847018198158277e-01
2.442449735731287153e-01
2.407006696431387982e-01
2.368549493708208553e-01
2.327092426312168394e-01
2.282638040334290241e-01
2.235183726243572810e-01
2.184729499901784389e-01
2.131287084101467499e-01
2.074890381233555348e-01
2.015607383160996913e-01
1.953553495210700874e-01
1.888906150720715271e-01
1.821920454266188205e-01
1.752945410484340605e-01
1.682440069768971480e-01
1.610988656733743085e-01
1.539313456636685618e-01
1.468283946528657902e-01
1.398920415352468138e-01
1.332390180748074804e-01
1.269994553031501272e-01
1.213144995082414829e-01
1.163327543466644298e-01
1.122055517075865871e-01
1.090811808986812542e-01
1.070983517756980141e-01
1.063793123536512369e-01
1.070231586274013325e-01
1.090999358596636271e-01
1.126461142975534180e-01
1.176619190368881213e-01
1.241108123405745695e-01
1.319211939219407936e-01
1.409901399511451492e-01
1.511887873576497343e-01
1.623688214000683083e-01
1.743694608452180106e-01
1.870243570729482885e-01
2.001679152023433106e-01
2.136406809437097487e-01
2.272935877717109365e-01
2.409910005490735752e-01
2.546126070540619679e-01
2.680542899226329712e-01
2.812281578424652428e-01
2.940619311820686366e-01
3.064978709978610771e-01
3.184914194474995908e-01
3.300096910718516852e-01
3.410299236317295146e-01
3.515379679031959692e-01
3.615268702047890192e-01
3.709955804034950622e-01
3.799478018419873426e-01
3.883909876594353050e-01
3.963354796980901873e-01
4.037937808742232404e-01
4.107799488474124794e-01
4.173090974341513992e-01
4.233969919748567512e-01
4.290597253802806987e-01
4.343134625557968920e-01
4.391742421135109709e-01
4.436578255833067974e-01
4.477795856255335494e-01
4.515544259690145168e-01
4.549967269139340020e-01
4.581203112342712158e-01
4.609384261853427533e-01
4.634637380729702549e-01
4.657083364806416936e-01
4.676837457907911944e-01
4.694009420878518801e-01
4.708703739057579218e-01
4.721019855919754149e-01
4.731052423141047236e-01
4.738891559422954147e-01
4.744623112090897710e-01
4.748328916843764791e-01
4.750087052127072718e-01
4.749972085480104189e-01
4.748055309907834864e-01
4.744404968885457263e-01
4.739086469043913841e-01
4.732162579932722712e-01
4.723693620529970105e-01
4.713737632384175646e-01
4.702350539441760291e-01
4.689586294746805883e-01
4.675497014305651788e-01
4.660133098493509651e-01
4.643543341450278583e-01
4.625775028970808833e-01
4.606874025445911180e-01
4.586884850455741347e-01
4.565850745659643106e-01
4.543813732666752148e-01
4.520814662611309931e-01
4.496893258195596155e-01
4.472088149002023671e-01
4.446436900914763068e-01
4.419976040528772465e-01
4.392741075460684375e-01
4.364766511510682623e-01
4.336085867655813386e-01
4.306731689882870029e-01
4.276735564891249730e-01
4.246128134711757984e-01
4.214939113295158024e-01
4.183197306122858894e-01
4.150930633879152398e-01
4.118166161199994790e-01
4.084930131474037163e-01
4.051248008617732710e-01
4.017144526675029415e-01
3.982643748003333317e-01
3.947769130698575157e-01
3.912543605783777578e-01
3.876989664535535618e-01
3.841129456150991217e-01
3.804984895765032848e-01
3.768577782611989280e-01
3.731929927890538234e-01
3.695063291634669289e-01
3.658000127620904540e-01
3.620763135052904036e-01
3.583375615465477781e-01
3.545861632982511003e-01
3.508246175755022067e-01
3.470555316101346377e-01
3.432816366579911627e-01
3.395058028954318075e-01
3.357310532769864353e-01
3.319605760061551392e-01
3.281977352565469963e-01
3.244460797722257817e-01
3.207093489751384752e-01
3.169914762152659660e-01
3.132965888164058743e-01
3.096290045982855177e-01
3.059932245945721774e-01
3.023939217366281573e-01
2.988359253345759803e-01
2.953242012598507049e-01
2.918638278161493904e-01
2.884599673769625006e-01
2.851178339658836380e-01
2.818426570581393786e-01
2.786396419853904849e-01
2.755139274275784089e-01
2.724705405718839124e-01
2.695143506060840854e-01
2.666500212881551812e-01
2.638819633924094354e-01
2.612142878718940464e-01
2.586507605947339083e-01
2.561947595069168360e-01
2.538492350450171631e-01
2.516166745695436191e-01
2.494990715142846316e-01
2.474978998512707973e-01
2.456140943577931612e-01
2.438480370451167334e-01
2.421995499723920142e-01
2.406678945285341265e-01
2.392517771243139746e-01
2.379493611012679366e-01
2.367582845377014522e-01
2.356756835188173194e-01
2.346982203410230561e-01
2.338221160420529687e-01
2.330431865901987365e-01
2.323568820281950165e-01
2.317583278499934507e-01
2.312423678906752600e-01
2.308036080295547132e-01
2.304364600418908615e-01
2.301351849830582386e-01
2.298939355478439028e-01
2.297067969139010291e-01
2.295678256495810587e-01
2.294710863398557732e-01
2.294106856574333331e-01
2.293808036775338288e-01
2.293757223023766001e-01
2.293898507239976459e-01
2.294177479105130313e-01
2.294541421508519141e-01
2.294939477358554636e-01
2.295322788895170496e-01
2.295644610931138752e-01
2.295860399674215790e-01
2.295927878945728806e-01
2.295807085719792362e-01
2.295460396967305416e-01
2.294852539806193914e-01
2.293950586941211345e-01
2.292723939328786265e-01
2.291144297931018980e-01
2.289185626333511137e-01
2.286824105899254445e-01
2.284038085019089170e-01
2.280808023903126702e-01
2.277116436238663111e-01
2.272947828922552427e-01
2.268288640960681446e-01
2.263127182516357361e-01
2.257453574983871170e-01
2.251259692864220341e-01
2.244539108127283633e-01
2.237287037658797217e-01
2.229500294311344555e-01
2.221177242005913655e-01
2.212317755263763785e-01
2.202923183487318914e-01
2.192996320252402209e-01
2.182541377821970163e-01
2.171563967042648702e-01
2.160071082739094539e-01
2.148071094676706205e-01
2.135573744119397266e-01
2.122590145965567165e-01
2.109132796400951804e-01
2.095215585960956139e-01
2.080853817846615994e-01
2.066064231286969255e-01
2.050865029685169094e-01
2.035275913226254063e-01
2.019318115559941285e-01
2.003014444102163283e-01
1.986389323423963515e-01
1.969468841115478985e-01
1.952280795426549753e-01
1.934854743893857087e-01
1.917222052068129901e-01
1.899415941354718751e-01
1.881471534877496854e-01
1.863425900171389038e-01
1.845318087404080598e-01
1.827189161725431277e-01
1.809082228245415258e-01
1.791042448052003744e-01
1.773117043601379894e-01
1.755355291748809110e-01
1.737808502643227726e-01
1.720529982685596315e-01
1.703574979755920205e-01
1.687000608950149916e-01
1.670865757140892471e-01
1.655230964788939607e-01
1.640158283590252009e-01
1.625711108748037759e-01
1.611953984914705207e-01
1.598952385155031353e-01
1.586772462639478021e-01
1.575480775184421589e-01
1.565143983210126044e-01
1.555828522182886031e-01
1.547600251137307426e-01
1.540524079429122506e-01
1.534663574436588573e-01
1.530080553496402651e-01
1.526834663912829404e-01
1.524982955400550622e-01
1.524579449795179786e-01
