5.000000000000000000e-01
5.010020040080160886e-01
5.020040080160320661e-01
5.030060120240481547e-01
5.040080160320641323e-01
5.050100200400802208e-01
5.060120240480961984e-01
5.070140280561122870e-01
5.080160320641282645e-01
5.090180360721443531e-01
5.100200400801603307e-01
5.110220440881763082e-01
5.120240480961923968e-01
5.130260521042083743e-01
5.140280561122244629e-01
5.150300601202404405e-01
5.160320641282565290e-01
5.170340681362726176e-01
5.180360721442885952e-01
5.190380761523045727e-01
5.200400801603205503e-01
5.210420841683367499e-01
5.220440881763527274e-01
5.230460921843687050e-01
5.240480961923846825e-01
5.250501002004008821e-01
5.260521042084168597e-01
5.270541082164328373e-01
5.280561122244489258e-01
5.290581162324649034e-01
5.300601202404809920e-01
5.310621242484969695e-01
5.320641282565130581e-01
5.330661322645290356e-01
5.340681362725451242e-01
5.350701402805611018e-01
5.360721442885771904e-01
5.370741482965931679e-01
5.380761523046091455e-01
5.390781563126252340e-01
5.400801603206413226e-01
5.410821643286573002e-01
5.420841683366732777e-01
5.430861723446894773e-01
5.440881763527054549e-01
5.450901803607214324e-01
5.460921843687374100e-01
5.470941883767534986e-01
5.480961923847695871e-01
5.490981963927855647e-01
5.501002004008015422e-01
5.511022044088176308e-01
5.521042084168337194e-01
5.531062124248496970e-01
5.541082164328656745e-01
5.551102204408817631e-01
5.561122244488977406e-01
5.571142284569138292e-01
5.581162324649299178e-01
5.591182364729458953e-01
5.601202404809618729e-01
5.611222444889779615e-01
5.621242484969940501e-01
5.631262525050100276e-01
5.641282565130260052e-01
5.651302605210419827e-01
5.661322645290581823e-01
5.671342685370741599e-01
5.681362725450901374e-01
5.691382765531061150e-01
5.701402805611223146e-01
5.711422845691382921e-01
5.721442885771542697e-01
5.731462925851703583e-01
5.741482965931863358e-01
5.751503006012024244e-01
5.761523046092184019e-01
5.771543086172344905e-01
5.781563126252504681e-01
5.791583166332665567e-01
5.801603206412825342e-01
5.811623246492986228e-01
5.821643286573146003e-01
5.831663326653305779e-01
5.841683366733466665e-01
5.851703406813627550e-01
5.861723446893787326e-01
5.871743486973947102e-01
5.881763527054109097e-01
5.891783567134268873e-01
5.901803607214428649e-01
5.911823647294588424e-01
5.921843687374749310e-01
5.931863727454910196e-01
5.941883767535069971e-01
5.951903807615229747e-01
5.961923847695390632e-01
5.971943887775551518e-01
5.981963927855711294e-01
5.991983967935871069e-01
6.002004008016031955e-01
6.012024048096191731e-01
6.022044088176352616e-01
6.032064128256513502e-01
6.042084168336673278e-01
6.052104208416833053e-01
6.062124248496993939e-01
6.072144288577154825e-01
6.082164328657314600e-01
6.092184368737474376e-01
6.102204408817634151e-01
6.112224448897796147e-01
6.122244488977955923e-01
6.132264529058115698e-01
6.142284569138275474e-01
6.152304609218437470e-01
6.162324649298597246e-01
6.172344689378757021e-01
6.182364729458917907e-01
6.192384769539077682e-01
6.202404809619238568e-01
6.212424849699398344e-01
6.222444889779559229e-01
6.232464929859719005e-01
6.242484969939879891e-01
6.252505010020040777e-01
6.262525050100200552e-01
6.272545090180360328e-01
6.282565130260520103e-01
6.292585170340680989e-01
6.302605210420841875e-01
6.312625250501001650e-01
6.322645290581161426e-01
6.332665330661323422e-01
6.342685370741483197e-01
6.352705410821642973e-01
6.362725450901802748e-01
6.372745490981963634e-01
6.382765531062124520e-01
6.392785571142284295e-01
6.402805611222445181e-01
6.412825651302604957e-01
6.422845691382765843e-01
6.432865731462925618e-01
6.442885771543085394e-01
6.452905811623246279e-01
6.462925851703406055e-01
6.472945891783566941e-01
6.482965931863727826e-01
6.492985971943887602e-01
6.503006012024047378e-01
6.513026052104208263e-01
6.523046092184369149e-01
6.533066132264528925e-01
6.543086172344688700e-01
6.553106212424849586e-01
6.563126252505010472e-01
6.573146292585170247e-01
6.583166332665330023e-01
6.593186372745489798e-01
6.603206412825651794e-01
6.613226452905811570e-01
6.623246492985971345e-01
6.633266533066132231e-01
6.643286573146292007e-01
6.653306613226452892e-01
6.663326653306612668e-01
6.673346693386773554e-01
6.683366733466933329e-01
6.693386773547094215e-01
6.703406813627255101e-01
6.713426853707414876e-01
6.723446893787574652e-01
6.733466933867734427e-01
6.743486973947895313e-01
6.753507014028056199e-01
6.763527054108215975e-01
6.773547094188375750e-01
6.783567134268537746e-01
6.793587174348697522e-01
6.803607214428857297e-01
6.813627254509017073e-01
6.823647294589177958e-01
6.833667334669338844e-01
6.843687374749498620e-01
6.853707414829659506e-01
6.863727454909819281e-01
6.873747494989980167e-01
6.883767535070139942e-01
6.893787575150299718e-01
6.903807615230460604e-01
6.913827655310620379e-01
6.923847695390782375e-01
6.933867735470942151e-01
6.943887775551101926e-01
6.953907815631261702e-01
6.963927855711422588e-01
6.973947895791583473e-01
6.983967935871743249e-01
6.993987975951903024e-01
7.004008016032063910e-01
7.014028056112224796e-01
7.024048096192384572e-01
7.034068136272544347e-01
7.044088176352704123e-01
7.054108216432866119e-01
7.064128256513025894e-01
7.074148296593186780e-01
7.084168336673346555e-01
7.094188376753506331e-01
7.104208416833667217e-01
7.114228456913826992e-01
7.124248496993987878e-01
7.134268537074147654e-01
7.144288577154308539e-01
7.154308617234469425e-01
7.164328657314629201e-01
7.174348697394788976e-01
7.184368737474948752e-01
7.194388777555109638e-01
7.204408817635270523e-01
7.214428857715430299e-01
7.224448897795591185e-01
7.234468937875752070e-01
7.244488977955911846e-01
7.254509018036071621e-01
7.264529058116231397e-01
7.274549098196392283e-01
7.284569138276553169e-01
7.294589178356712944e-01
7.304609218436873830e-01
7.314629258517033605e-01
7.324649298597194491e-01
7.334669338677354267e-01
7.344689378757514042e-01
7.354709418837674928e-01
7.364729458917834704e-01
7.374749498997996700e-01
7.384769539078156475e-01
7.394789579158316251e-01
7.404809619238476026e-01
7.414829659318636912e-01
7.424849699398797798e-01
7.434869739478957573e-01
7.444889779559117349e-01
7.454909819639279345e-01
7.464929859719439120e-01
7.474949899799598896e-01
7.484969939879758671e-01
7.494989979959919557e-01
7.505010020040080443e-01
7.515030060120240218e-01
7.525050100200401104e-01
7.535070140280560880e-01
7.545090180360720655e-01
7.555110220440881541e-01
7.565130260521041317e-01
7.575150300601202202e-01
7.585170340681361978e-01
7.595190380761523974e-01
7.605210420841683749e-01
7.615230460921843525e-01
7.625250501002003300e-01
7.635270541082163076e-01
7.645290581162323962e-01
7.655310621242484848e-01
7.665330661322644623e-01
7.675350701402805509e-01
7.685370741482966395e-01
7.695390781563126170e-01
7.705410821643285946e-01
7.715430861723445721e-01
7.725450901803607717e-01
7.735470941883767493e-01
7.745490981963928379e-01
7.755511022044088154e-01
7.765531062124247930e-01
7.775551102204408815e-01
7.785571142284568591e-01
7.795591182364728366e-01
7.805611222444889252e-01
7.815631262525049028e-01
7.825651302605211024e-01
7.835671342685370799e-01
7.845691382765530575e-01
7.855711422845690350e-01
7.865731462925851236e-01
7.875751503006012122e-01
7.885771543086171897e-01
7.895791583166332783e-01
7.905811623246493669e-01
7.915831663326653445e-01
7.925851703406813220e-01
7.935871743486972996e-01
7.945891783567132771e-01
7.955911823647294767e-01
7.965931863727454543e-01
7.975951903807615428e-01
7.985971943887775204e-01
7.995991983967936090e-01
8.006012024048095865e-01
8.016032064128255641e-01
8.026052104208416527e-01
8.036072144288576302e-01
8.046092184368738298e-01
8.056112224448898074e-01
8.066132264529057849e-01
8.076152304609217625e-01
8.086172344689377400e-01
8.096192384769538286e-01
8.106212424849699172e-01
8.116232464929858947e-01
8.126252505010019833e-01
8.136272545090180719e-01
8.146292585170340494e-01
8.156312625250500270e-01
8.166332665330660046e-01
8.176352705410822042e-01
8.186372745490981817e-01
8.196392785571142703e-01
8.206412825651302478e-01
8.216432865731462254e-01
8.226452905811623140e-01
8.236472945891782915e-01
8.246492985971942691e-01
8.256513026052103577e-01
8.266533066132264462e-01
8.276553106212425348e-01
8.286573146292585124e-01
8.296593186372744899e-01
8.306613226452904675e-01
8.316633266533065560e-01
8.326653306613226446e-01
8.336673346693386222e-01
8.346693386773547108e-01
8.356713426853707993e-01
8.366733466933867769e-01
8.376753507014027544e-01
8.386773547094187320e-01
8.396793587174347095e-01
8.406813627254509091e-01
8.416833667334668867e-01
8.426853707414829753e-01
8.436873747494989528e-01
8.446893787575150414e-01
8.456913827655310190e-01
8.466933867735469965e-01
8.476953907815630851e-01
8.486973947895790626e-01
8.496993987975952622e-01
8.507014028056112398e-01
8.517034068136272174e-01
8.527054108216431949e-01
8.537074148296592835e-01
8.547094188376752610e-01
8.557114228456913496e-01
8.567134268537074382e-01
8.577154308617234157e-01
8.587174348697395043e-01
8.597194388777554819e-01
8.607214428857714594e-01
8.617234468937874370e-01
8.627254509018036366e-01
8.637274549098196141e-01
8.647294589178357027e-01
8.657314629258516803e-01
8.667334669338676578e-01
8.677354709418837464e-01
8.687374749498997240e-01
8.697394789579157015e-01
8.707414829659317901e-01
8.717434869739479897e-01
8.727454909819639672e-01
8.737474949899799448e-01
8.747494989979959223e-01
8.757515030060118999e-01
8.767535070140279885e-01
8.777555110220440771e-01
8.787575150300600546e-01
8.797595190380761432e-01
8.807615230460922318e-01
8.817635270541082093e-01
8.827655310621241869e-01
8.837675350701401644e-01
8.847695390781562530e-01
8.857715430861723416e-01
8.867735470941884302e-01
8.877755511022044077e-01
8.887775551102203853e-01
8.897795591182364738e-01
8.907815631262524514e-01
8.917835671342684289e-01
8.927855711422845175e-01
8.937875751503004951e-01
8.947895791583166947e-01
8.957915831663326722e-01
8.967935871743486498e-01
8.977955911823646273e-01
8.987975951903807159e-01
8.997995991983968045e-01
9.008016032064127820e-01
9.018036072144288706e-01
9.028056112224448482e-01
9.038076152304609368e-01
9.048096192384769143e-01
9.058116232464928919e-01
9.068136272545088694e-01
9.078156312625250690e-01
9.088176352705410466e-01
9.098196392785571351e-01
9.108216432865731127e-01
9.118236472945890903e-01
9.128256513026051788e-01
9.138276553106211564e-01
9.148296593186372450e-01
9.158316633266532225e-01
9.168336673346694221e-01
9.178356713426853997e-01
9.188376753507013772e-01
9.198396793587173548e-01
9.208416833667333323e-01
9.218436873747494209e-01
9.228456913827655095e-01
9.238476953907814870e-01
9.248496993987975756e-01
9.258517034068136642e-01
9.268537074148296417e-01
9.278557114228456193e-01
9.288577154308615969e-01
9.298597194388776854e-01
9.308617234468937740e-01
9.318637274549098626e-01
9.328657314629258401e-01
9.338677354709418177e-01
9.348697394789579063e-01
9.358717434869738838e-01
9.368737474949898614e-01
9.378757515030059499e-01
9.388777555110219275e-01
9.398797595190381271e-01
9.408817635270541047e-01
9.418837675350700822e-01
9.428857715430860598e-01
9.438877755511021483e-01
9.448897795591182369e-01
9.458917835671342145e-01
9.468937875751503030e-01
9.478957915831662806e-01
9.488977955911823692e-01
9.498997995991983467e-01
9.509018036072143243e-01
9.519038076152303018e-01
9.529058116232465014e-01
9.539078156312624790e-01
9.549098196392785676e-01
9.559118236472945451e-01
9.569138276553105227e-01
9.579158316633266113e-01
9.589178356713425888e-01
9.599198396793586774e-01
9.609218436873746549e-01
9.619238476953908545e-01
9.629258517034068321e-01
9.639278557114228096e-01
9.649298597194387872e-01
9.659318637274547648e-01
9.669338677354708533e-01
9.679358717434869419e-01
9.689378757515029195e-01
9.699398797595190080e-01
9.709418837675350966e-01
9.719438877755510742e-01
9.729458917835670517e-01
9.739478957915830293e-01
9.749498997995991179e-01
9.759519038076152064e-01
9.769539078156312950e-01
9.779559118236472726e-01
9.789579158316632501e-01
9.799599198396793387e-01
9.809619238476953162e-01
9.819639278557112938e-01
9.829659318637273824e-01
9.839679358717433599e-01
9.849699398797595595e-01
9.859719438877755371e-01
9.869739478957915146e-01
9.879759519038074922e-01
9.889779559118235808e-01
9.899799599198396693e-01
9.909819639278556469e-01
9.919839679358717355e-01
9.929859719438877130e-01
9.939879759519038016e-01
9.949899799599197792e-01
9.959919839679357567e-01
9.969939879759517343e-01
9.979959919839679339e-01
9.989979959919840224e-01
1.000000000000000000e+00
5.000000000000000000e-01
5.010020040080160886e-01
5.020040080160320661e-01
5.030060120240481547e-01
5.040080160320641323e-01
5.050100200400802208e-01
5.060120240480961984e-01
5.070140280561122870e-01
5.080160320641282645e-01
5.090180360721443531e-01
5.100200400801603307e-01
5.110220440881763082e-01
5.120240480961923968e-01
5.130260521042083743e-01
5.140280561122244629e-01
5.150300601202404405e-01
5.160320641282565290e-01
5.170340681362726176e-01
5.180360721442885952e-01
5.190380761523045727e-01
5.200400801603205503e-01
5.210420841683367499e-01
5.220440881763527274e-01
5.230460921843687050e-01
5.240480961923846825e-01
5.250501002004008821e-01
5.260521042084168597e-01
5.270541082164328373e-01
5.280561122244489258e-01
5.290581162324649034e-01
5.300601202404809920e-01
5.310621242484969695e-01
5.320641282565130581e-01
5.330661322645290356e-01
5.340681362725451242e-01
5.350701402805611018e-01
5.360721442885771904e-01
5.370741482965931679e-01
5.380761523046091455e-01
5.390781563126252340e-01
5.400801603206413226e-01
5.410821643286573002e-01
5.420841683366732777e-01
5.430861723446894773e-01
5.440881763527054549e-01
5.450901803607214324e-01
5.460921843687374100e-01
5.470941883767534986e-01
5.480961923847695871e-01
5.490981963927855647e-01
5.501002004008015422e-01
5.511022044088176308e-01
5.521042084168337194e-01
5.531062124248496970e-01
5.541082164328656745e-01
5.551102204408817631e-01
5.561122244488977406e-01
5.571142284569138292e-01
5.581162324649299178e-01
5.591182364729458953e-01
5.601202404809618729e-01
5.611222444889779615e-01
5.621242484969940501e-01
5.631262525050100276e-01
5.641282565130260052e-01
5.651302605210419827e-01
5.661322645290581823e-01
5.671342685370741599e-01
5.681362725450901374e-01
5.691382765531061150e-01
5.701402805611223146e-01
5.711422845691382921e-01
5.721442885771542697e-01
5.731462925851703583e-01
5.741482965931863358e-01
5.751503006012024244e-01
5.761523046092184019e-01
5.771543086172344905e-01
5.781563126252504681e-01
5.791583166332665567e-01
5.801603206412825342e-01
5.811623246492986228e-01
5.821643286573146003e-01
5.831663326653305779e-01
5.841683366733466665e-01
5.851703406813627550e-01
5.861723446893787326e-01
5.871743486973947102e-01
5.881763527054109097e-01
5.891783567134268873e-01
5.901803607214428649e-01
5.911823647294588424e-01
5.921843687374749310e-01
5.931863727454910196e-01
5.941883767535069971e-01
5.951903807615229747e-01
5.961923847695390632e-01
5.971943887775551518e-01
5.981963927855711294e-01
5.991983967935871069e-01
6.002004008016031955e-01
6.012024048096191731e-01
6.022044088176352616e-01
6.032064128256513502e-01
6.042084168336673278e-01
6.052104208416833053e-01
6.062124248496993939e-01
6.072144288577154825e-01
6.082164328657314600e-01
6.092184368737474376e-01
6.102204408817634151e-01
6.112224448897796147e-01
6.122244488977955923e-01
6.132264529058115698e-01
6.142284569138275474e-01
6.152304609218437470e-01
6.162324649298597246e-01
6.172344689378757021e-01
6.182364729458917907e-01
6.192384769539077682e-01
6.202404809619238568e-01
6.212424849699398344e-01
6.222444889779559229e-01
6.232464929859719005e-01
6.242484969939879891e-01
6.252505010020040777e-01
6.262525050100200552e-01
6.272545090180360328e-01
6.282565130260520103e-01
6.292585170340680989e-01
6.302605210420841875e-01
6.312625250501001650e-01
6.322645290581161426e-01
6.332665330661323422e-01
6.342685370741483197e-01
6.352705410821642973e-01
6.362725450901802748e-01
6.372745490981963634e-01
6.382765531062124520e-01
6.392785571142284295e-01
6.402805611222445181e-01
6.412825651302604957e-01
6.422845691382765843e-01
6.432865731462925618e-01
6.442885771543085394e-01
6.452905811623246279e-01
6.462925851703406055e-01
6.472945891783566941e-01
6.482965931863727826e-01
6.492985971943887602e-01
6.503006012024047378e-01
6.513026052104208263e-01
6.523046092184369149e-01
6.533066132264528925e-01
6.543086172344688700e-01
6.553106212424849586e-01
6.563126252505010472e-01
6.573146292585170247e-01
6.583166332665330023e-01
6.593186372745489798e-01
6.603206412825651794e-01
6.613226452905811570e-01
6.623246492985971345e-01
6.633266533066132231e-01
6.643286573146292007e-01
6.653306613226452892e-01
6.663326653306612668e-01
6.673346693386773554e-01
6.683366733466933329e-01
6.693386773547094215e-01
6.703406813627255101e-01
6.713426853707414876e-01
6.723446893787574652e-01
6.733466933867734427e-01
6.743486973947895313e-01
6.753507014028056199e-01
6.763527054108215975e-01
6.773547094188375750e-01
6.783567134268537746e-01
6.793587174348697522e-01
6.803607214428857297e-01
6.813627254509017073e-01
6.823647294589177958e-01
6.833667334669338844e-01
6.843687374749498620e-01
6.853707414829659506e-01
6.863727454909819281e-01
6.873747494989980167e-01
6.883767535070139942e-01
6.893787575150299718e-01
6.903807615230460604e-01
6.913827655310620379e-01
6.923847695390782375e-01
6.933867735470942151e-01
6.943887775551101926e-01
6.953907815631261702e-01
6.963927855711422588e-01
6.973947895791583473e-01
6.983967935871743249e-01
6.993987975951903024e-01
7.004008016032063910e-01
7.014028056112224796e-01
7.024048096192384572e-01
7.034068136272544347e-01
7.044088176352704123e-01
7.054108216432866119e-01
7.064128256513025894e-01
7.074148296593186780e-01
7.084168336673346555e-01
7.094188376753506331e-01
7.104208416833667217e-01
7.114228456913826992e-01
7.124248496993987878e-01
7.134268537074147654e-01
7.144288577154308539e-01
7.154308617234469425e-01
7.164328657314629201e-01
7.174348697394788976e-01
7.184368737474948752e-01
7.194388777555109638e-01
7.204408817635270523e-01
7.214428857715430299e-01
7.224448897795591185e-01
7.234468937875752070e-01
7.244488977955911846e-01
7.254509018036071621e-01
7.264529058116231397e-01
7.274549098196392283e-01
7.284569138276553169e-01
7.294589178356712944e-01
7.304609218436873830e-01
7.314629258517033605e-01
7.324649298597194491e-01
7.334669338677354267e-01
7.344689378757514042e-01
7.354709418837674928e-01
7.364729458917834704e-01
7.374749498997996700e-01
7.384769539078156475e-01
7.394789579158316251e-01
7.404809619238476026e-01
7.414829659318636912e-01
7.424849699398797798e-01
7.434869739478957573e-01
7.444889779559117349e-01
7.454909819639279345e-01
7.464929859719439120e-01
7.474949899799598896e-01
7.484969939879758671e-01
7.494989979959919557e-01
7.505010020040080443e-01
7.515030060120240218e-01
7.525050100200401104e-01
7.535070140280560880e-01
7.545090180360720655e-01
7.555110220440881541e-01
7.565130260521041317e-01
7.575150300601202202e-01
7.585170340681361978e-01
7.595190380761523974e-01
7.605210420841683749e-01
7.615230460921843525e-01
7.625250501002003300e-01
7.635270541082163076e-01
7.645290581162323962e-01
7.655310621242484848e-01
7.665330661322644623e-01
7.675350701402805509e-01
7.685370741482966395e-01
7.695390781563126170e-01
7.705410821643285946e-01
7.715430861723445721e-01
7.725450901803607717e-01
7.735470941883767493e-01
7.745490981963928379e-01
7.755511022044088154e-01
7.765531062124247930e-01
7.775551102204408815e-01
7.785571142284568591e-01
7.795591182364728366e-01
7.805611222444889252e-01
7.815631262525049028e-01
7.825651302605211024e-01
7.835671342685370799e-01
7.845691382765530575e-01
7.855711422845690350e-01
7.865731462925851236e-01
7.875751503006012122e-01
7.885771543086171897e-01
7.895791583166332783e-01
7.905811623246493669e-01
7.915831663326653445e-01
7.925851703406813220e-01
7.935871743486972996e-01
7.945891783567132771e-01
7.955911823647294767e-01
7.965931863727454543e-01
7.975951903807615428e-01
7.985971943887775204e-01
7.995991983967936090e-01
8.006012024048095865e-01
8.016032064128255641e-01
8.026052104208416527e-01
8.036072144288576302e-01
8.046092184368738298e-01
8.056112224448898074e-01
8.066132264529057849e-01
8.076152304609217625e-01
8.086172344689377400e-01
8.096192384769538286e-01
8.106212424849699172e-01
8.116232464929858947e-01
8.126252505010019833e-01
8.136272545090180719e-01
8.146292585170340494e-01
8.156312625250500270e-01
8.166332665330660046e-01
8.176352705410822042e-01
8.186372745490981817e-01
8.196392785571142703e-01
8.206412825651302478e-01
8.216432865731462254e-01
8.226452905811623140e-01
8.236472945891782915e-01
8.246492985971942691e-01
8.256513026052103577e-01
8.266533066132264462e-01
8.276553106212425348e-01
8.286573146292585124e-01
8.296593186372744899e-01
8.306613226452904675e-01
8.316633266533065560e-01
8.326653306613226446e-01
8.336673346693386222e-01
8.346693386773547108e-01
8.356713426853707993e-01
8.366733466933867769e-01
8.376753507014027544e-01
8.386773547094187320e-01
8.396793587174347095e-01
8.406813627254509091e-01
8.416833667334668867e-01
8.426853707414829753e-01
8.436873747494989528e-01
8.446893787575150414e-01
8.456913827655310190e-01
8.466933867735469965e-01
8.476953907815630851e-01
8.486973947895790626e-01
8.496993987975952622e-01
8.507014028056112398e-01
8.517034068136272174e-01
8.527054108216431949e-01
8.537074148296592835e-01
8.547094188376752610e-01
8.557114228456913496e-01
8.567134268537074382e-01
8.577154308617234157e-01
8.587174348697395043e-01
8.597194388777554819e-01
8.607214428857714594e-01
8.617234468937874370e-01
8.627254509018036366e-01
8.637274549098196141e-01
8.647294589178357027e-01
8.657314629258516803e-01
8.667334669338676578e-01
8.677354709418837464e-01
8.687374749498997240e-01
8.697394789579157015e-01
8.707414829659317901e-01
8.717434869739479897e-01
8.727454909819639672e-01
8.737474949899799448e-01
8.747494989979959223e-01
8.757515030060118999e-01
8.767535070140279885e-01
8.777555110220440771e-01
8.787575150300600546e-01
8.797595190380761432e-01
8.807615230460922318e-01
8.817635270541082093e-01
8.827655310621241869e-01
8.837675350701401644e-01
8.847695390781562530e-01
8.857715430861723416e-01
8.867735470941884302e-01
8.877755511022044077e-01
8.887775551102203853e-01
8.897795591182364738e-01
8.907815631262524514e-01
8.917835671342684289e-01
8.927855711422845175e-01
8.937875751503004951e-01
8.947895791583166947e-01
8.957915831663326722e-01
8.967935871743486498e-01
8.977955911823646273e-01
8.987975951903807159e-01
8.997995991983968045e-01
9.008016032064127820e-01
9.018036072144288706e-01
9.028056112224448482e-01
9.038076152304609368e-01
9.048096192384769143e-01
9.058116232464928919e-01
9.068136272545088694e-01
9.078156312625250690e-01
9.088176352705410466e-01
9.098196392785571351e-01
9.108216432865731127e-01
9.118236472945890903e-01
9.128256513026051788e-01
9.138276553106211564e-01
9.148296593186372450e-01
9.158316633266532225e-01
9.168336673346694221e-01
9.178356713426853997e-01
9.188376753507013772e-01
9.198396793587173548e-01
9.208416833667333323e-01
9.218436873747494209e-01
9.228456913827655095e-01
9.238476953907814870e-01
9.248496993987975756e-01
9.258517034068136642e-01
9.268537074148296417e-01
9.278557114228456193e-01
9.288577154308615969e-01
9.298597194388776854e-01
9.308617234468937740e-01
9.318637274549098626e-01
9.328657314629258401e-01
9.338677354709418177e-01
9.348697394789579063e-01
9.358717434869738838e-01
9.368737474949898614e-01
9.378757515030059499e-01
9.388777555110219275e-01
9.398797595190381271e-01
9.408817635270541047e-01
9.418837675350700822e-01
9.428857715430860598e-01
9.438877755511021483e-01
9.448897795591182369e-01
9.458917835671342145e-01
9.468937875751503030e-01
9.478957915831662806e-01
9.488977955911823692e-01
9.498997995991983467e-01
9.509018036072143243e-01
9.519038076152303018e-01
9.529058116232465014e-01
9.539078156312624790e-01
9.549098196392785676e-01
9.559118236472945451e-01
9.569138276553105227e-01
9.579158316633266113e-01
9.589178356713425888e-01
9.599198396793586774e-01
9.609218436873746549e-01
9.619238476953908545e-01
9.629258517034068321e-01
9.639278557114228096e-01
9.649298597194387872e-01
9.659318637274547648e-01
9.669338677354708533e-01
9.679358717434869419e-01
9.689378757515029195e-01
9.699398797595190080e-01
9.709418837675350966e-01
9.719438877755510742e-01
9.729458917835670517e-01
9.739478957915830293e-01
9.749498997995991179e-01
9.759519038076152064e-01
9.769539078156312950e-01
9.779559118236472726e-01
9.789579158316632501e-01
9.799599198396793387e-01
9.809619238476953162e-01
9.819639278557112938e-01
9.829659318637273824e-01
9.839679358717433599e-01
9.849699398797595595e-01
9.859719438877755371e-01
9.869739478957915146e-01
9.879759519038074922e-01
9.889779559118235808e-01
9.899799599198396693e-01
9.909819639278556469e-01
9.919839679358717355e-01
9.929859719438877130e-01
9.939879759519038016e-01
9.949899799599197792e-01
9.959919839679357567e-01
9.969939879759517343e-01
9.979959919839679339e-01
9.989979959919840224e-01
1.000000000000000000e+00
